
20,549.9, NaN
20,549.9, NaN
20.1,549.8, NaN
20.2,549.7, NaN
20.3,549.6, NaN
20.4,549.5, NaN
20.5,549.4, NaN
20.7,549.2, NaN
20.9,549, NaN
21.1,548.8, NaN
21.4,548.5, NaN
21.6,548.3, NaN
21.9,548, NaN
22.2,547.7, NaN
22.5,547.4, NaN
22.8,547.1, NaN
23.2,546.7, NaN
23.6,546.3, NaN
24,545.9, NaN
24.4,545.5, NaN
24.9,545, NaN
25.3,544.6, NaN
25.8,544.1, NaN
26.3,543.6, NaN
26.8,543.1, NaN
27.4,542.5, NaN
28,541.9, NaN
28.6,541.3, NaN
29.2,540.7, NaN
29.8,540.1, NaN
30.5,539.4, NaN
31.2,538.7, NaN
31.9,538, NaN
32.6,537.3, NaN
33.3,536.6, NaN
34.1,535.8, NaN
34.9,535, NaN
35.7,534.2, NaN
36.5,533.4, NaN
37.3,532.6, NaN
38.2,531.7, NaN
39.1,530.8, NaN
40,529.9, NaN
41,528.9, NaN
41.9,528, NaN
42.9,527, NaN
43.9,526, NaN
44.9,525, NaN
45.9,524, NaN
47,522.9, NaN
48.1,521.8, NaN
49.2,520.7, NaN
50.3,519.6, NaN
51.5,518.4, NaN
52.6,517.3, NaN
53.8,516.1, NaN
55,514.9, NaN
56.2,513.7, NaN
57.5,512.4, NaN
58.8,511.1, NaN
60.1,509.8, NaN
61.4,508.5, NaN
62.7,507.2, NaN
64.1,505.8, NaN
65.5,504.4, NaN
66.9,503, NaN
68.3,501.6, NaN
69.7,500.2, NaN
71.2,498.7, NaN
72.7,497.2, NaN
74.2,495.7, NaN
75.7,494.2, NaN
77.2,492.7, NaN
78.8,491.1, NaN
80.4,489.5, NaN
82,487.9, NaN
83.7,486.2, NaN
85.3,484.6, NaN
87,482.9, NaN
88.7,481.2, NaN
90.4,479.5, NaN
92.1,477.8, NaN
93.9,476, NaN
95.7,474.2, NaN
97.5,472.4, NaN
99.3,470.6, NaN
101.2,468.7, NaN
103,466.9, NaN
104.9,465, NaN
106.8,463.1, NaN
108.7,461.2, NaN
110.7,459.2, NaN
112.7,457.2, NaN
114.7,455.2, NaN
116.7,453.2, NaN
118.7,451.2, NaN
120.8,449.1, NaN
122.9,447, NaN
125,444.9, NaN
127.1,442.8, NaN
129.2,440.7, NaN
131.4,438.5, NaN
132.2,435.5, NaN
133,432.5, NaN
133.8,429.5, NaN
134.6,426.4, NaN
135.5,423.3, NaN
136.3,420.3, NaN
137.1,417.2, NaN
137.9,414, NaN
138.8,410.9, NaN
139.6,407.7, NaN
140.5,404.5, NaN
141.4,401.2, NaN
142.3,397.9, NaN
143.1,394.6, NaN
144,391.3, NaN
144.9,388, NaN
145.8,384.6, NaN
148.9,382.8, NaN
152,381, NaN
155.1,379.2, NaN
158.3,377.4, NaN
161.4,375.6, NaN
164.6,373.7, NaN
164.6,370, NaN
164.6,366.2, NaN
164.6,362.5, NaN
166.2,359, NaN
167.7,355.5, NaN
169.3,351.9, NaN
170.8,348.4, NaN
172.3,344.8, NaN
173.9,341.3, NaN
175.6,337.9, NaN
177,334.4, NaN
178.3,330.9, NaN
180.4,327.8, NaN
182,324.5, NaN
183.4,321.1, NaN
185.5,318.1, NaN
187.3,315, NaN
189.1,311.9, NaN
191.6,309.5, NaN
193.7,306.6, NaN
196.2,304.2, NaN
198.8,301.9, NaN
201.4,299.6, NaN
203.8,297.3, NaN
206.4,295.2, NaN
209,293.1, NaN
211.7,291.2, NaN
214.4,289.4, NaN
217,287.4, NaN
219.6,285.5, NaN
222.5,284.3, NaN
225.5,283.2, NaN
228.4,282.1, NaN
231.3,281.1, NaN
234.2,280.2, NaN
236.9,278.7, NaN
239.5,277.3, NaN
242.3,276.3, NaN
245,275.1, NaN
247.6,273.9, NaN
250.2,272.6, NaN
252.8,271.3, NaN
255.4,270.4, NaN
258.1,269.6, NaN
260.6,268.4, NaN
263.1,267.4, NaN
265.7,266.6, NaN
268.2,265.5, NaN
270.6,264.5, NaN
273.1,263.9, NaN
275.6,263.2, NaN
278.1,262.7, NaN
280.5,262, NaN
282.8,260.9, NaN
285.1,260.1, NaN
287.4,259.5, NaN
289.7,258.6, NaN
287.3,259, NaN
285.4,257.7, NaN
283.4,256.6, NaN
281.3,255.7, NaN
279.2,254.8, NaN
277.3,253.7, NaN
275.3,252.8, NaN
273.2,252.1, NaN
271.2,251.5, NaN
269.1,251.2, NaN
267.2,250.5, NaN
265.2,249.9, NaN
263.2,249.6, NaN
261.3,249.5, NaN
259.3,249.2, NaN
257.4,249, NaN
255.5,249.1, NaN
253.7,249, NaN
251.8,249, NaN
250.1,249.6, NaN
248.4,250, NaN
246.8,250.5, NaN
245.1,251, NaN
243.5,251.6, NaN
242.1,252.4, NaN
240.6,253, NaN
239.2,253.7, NaN
237.8,254.3, NaN
236.5,255.2, NaN
235.4,256.2, NaN
234.4,257.3, NaN
233.2,258.1, NaN
232,258.9, NaN
231.1,259.9, NaN
230.1,260.9, NaN
229.1,261.7, NaN
228.3,262.7, NaN
227.6,263.7, NaN
226.9,264.8, NaN
226.2,265.8, NaN
225.8,266.8, NaN
225.3,267.9, NaN
224.8,268.9, NaN
224.3,269.8, NaN
223.9,270.8, NaN
223.7,271.8, NaN
223.4,272.7, NaN
223.2,273.7, NaN
222.9,274.6, NaN
222.8,275.5, NaN
222.6,276.3, NaN
222.4,277.1, NaN
222.4,277.9, NaN
222.4,277.9, NaN
222.4,277.9, NaN
222.4,277.9, NaN
222.4,277.9, NaN
222.4,277.9, NaN
222.4,277.9, NaN
222.4,277.9, NaN
222.4,277.9, NaN
222.4,277.9, NaN
222.4,277.9, NaN
222.4,277.9, NaN
222.4,277.9, NaN
222.4,277.9, NaN
222.4,277.9, NaN
222.4,277.9, NaN
222.4,277.9, NaN
222.4,277.9, NaN
222.4,277.9, NaN
222.4,277.9, NaN
222.4,277.9, NaN
222.4,277.9, NaN
222.4,277.9, NaN
222.4,277.9, NaN
222.4,277.9, NaN
222.4,277.9, NaN
222.4,277.9, NaN
222.4,277.9, 0
222.4,277.9, 0
222.4,277.9, 0
222.4,277.9, 0
222.4,277.9, 0
222.4,277.9, 0
222.4,277.9, 0
222.4,277.9, 0
222.4,277.9, 0
222.4,277.9, 0
222.4,277.9, 0
222.4,277.9, 0
222.4,277.9, 0
222.4,277.9, 0
222.4,277.9, 0
222.4,277.9, 0
222.4,277.9, 0
222.4,277.9, 0
222.4,277.9, 0
222.4,277.9, 0
222.4,277.9, 0
222.4,277.9, 0
222.4,277.9, 0
222.4,277.9, 0
222.4,277.9, 0
222.4,277.9, 0
222.4,277.9, 0
222.4,277.9, 0
222.4,277.9, 0
222.4,277.9, 0
222.4,277.9, 0
222.4,277.9, 0
222.4,277.9, 0
222.4,277.9, 0
222.4,277.9, 0
222.4,277.9, 0
222.4,277.9, 0
222.4,277.9, 0
222.4,277.9, 0
222.4,277.9, 0
222.4,277.9, 0
222.4,277.9, 0
222.4,277.9, 0
222.4,277.9, 0
222.4,277.9, 0
222.4,277.9, 0
222.4,277.9, 0
222.4,277.9, 0
222.4,277.9, 0
222.4,277.9, 0
222.4,277.9, 0
222.4,277.9, 0
222.4,277.9, 0
222.4,277.9, 0
222.4,277.9, 0
222.4,277.9, 0
222.4,277.9, 0
222.4,277.9, 0
222.4,277.9, 0
222.4,277.9, 0
222.4,277.9, 0
222.4,277.9, 0
222.4,277.9, 0
222.4,277.9, 0
222.4,277.9, 0
222.4,277.9, 0
222.4,277.9, 0
222.4,277.9, 0
222.4,277.9, 0
222.4,277.9, 0
222.4,277.9, 0
222.4,277.9, 0
222.4,277.9, 0
222.4,277.9, 0
222.4,277.9, 0
222.4,277.9, 0
222.4,277.9, 0
222.4,277.9, 0
222.4,277.9, 0
222.4,277.9, 0
222.4,277.9, 0
222.4,277.9, 0
222.4,277.9, 0
222.4,277.9, 0
222.4,277.9, 0
222.4,277.9, 0
222.4,277.9, 0
222.4,277.9, 0
222.4,277.9, 0
222.4,277.9, 0
222.4,277.9, 0
222.4,277.9, 0
222.4,277.9, 0
222.4,277.9, 0
222.4,277.9, 0
222.4,277.9, 0
222.4,277.9, 0
222.4,277.9, 0
222.4,277.9, 0
222.4,277.9, 0
222.4,277.9, 0
222.4,277.9, 0
222.4,277.9, 0
222.4,277.9, 0
222.4,277.9, 0
222.4,277.9, 0
222.4,277.9, 0
222.4,277.9, 0
222.4,277.9, 0
222.4,277.9, 0
222.4,277.9, 0
222.4,277.9, 0
222.4,277.9, 0
222.4,277.9, 0
222.4,277.9, 0
222.4,277.9, 0
222.4,277.9, 0
222.4,277.9, 0
222.4,277.9, 0
222.4,277.9, 0
222.4,277.9, 0
222.4,277.9, 0
222.4,277.9, 0
222.4,277.9, 0
222.4,277.9, 0
222.4,277.9, 0
222.4,277.9, 0
222.4,277.9, 0
222.4,277.9, 0
222.4,277.9, 0
222.4,277.9, 0
222.4,277.9, 0
222.4,277.9, 0
222.4,277.9, 0
222.4,277.9, 0
222.4,277.9, 0
222.4,277.9, 0
222.4,277.9, 0
222.4,277.9, 0
222.4,277.9, 0
222.4,277.9, 0
222.4,277.9, 0
222.4,277.9, 0
222.4,277.9, NaN
222.4,277.9, NaN
222.5,277.8, NaN
222.6,277.7, NaN
222.7,277.6, NaN
222.8,277.5, NaN
223,277.3, NaN
223.1,277.2, NaN
223.3,277, NaN
223.5,276.8, NaN
223.8,276.5, NaN
224,276.3, NaN
224.3,276, NaN
224.6,275.7, NaN
224.9,275.4, NaN
225.3,275, NaN
225.6,274.7, NaN
226,274.3, NaN
226.4,273.9, NaN
226.8,273.5, NaN
227.3,273, NaN
227.7,272.6, NaN
228.2,272.1, NaN
228.7,271.6, NaN
229.3,271, NaN
229.8,270.5, NaN
230.4,269.9, NaN
231,269.3, NaN
231.6,268.7, NaN
232.2,268.1, NaN
232.9,267.4, NaN
233.6,266.7, NaN
234.3,266, NaN
235,265.3, NaN
235.7,264.6, NaN
236.5,263.8, NaN
237.3,263, NaN
238.1,262.2, NaN
238.9,261.4, NaN
239.8,260.5, NaN
240.6,259.7, NaN
241.5,258.8, NaN
242.4,257.9, NaN
243.4,256.9, NaN
244.3,256, NaN
245.3,255, NaN
246.3,254, NaN
247.3,253, NaN
248.4,251.9, NaN
249.4,250.9, NaN
250.5,249.8, NaN
251.6,248.7, NaN
252.7,247.6, NaN
253.9,246.4, NaN
255,245.3, NaN
256.2,244.1, NaN
257.4,242.9, NaN
258.5,241.8, NaN
259.6,240.7, NaN
260.7,239.6, NaN
261.7,238.6, NaN
262.8,237.5, NaN
264,236.3, NaN
265.1,235.2, NaN
266.2,234.1, NaN
267.3,233, NaN
268.4,231.9, NaN
269.5,230.8, NaN
270.6,229.7, NaN
271.7,228.6, NaN
272.1,227.1, NaN
273.2,226, NaN
273.6,224.5, NaN
274.7,223.4, NaN
275.1,221.9, NaN
276.2,220.8, NaN
276.6,219.2, NaN
277.7,218.2, NaN
278.1,216.7, NaN
279.2,215.7, NaN
280.3,214.6, NaN
280.7,213.1, NaN
281.8,212, NaN
282.2,210.5, NaN
283.2,209.4, NaN
283.6,208, NaN
284.7,206.9, NaN
285.1,205.4, NaN
286.2,204.3, NaN
287.3,203.2, NaN
287.7,201.8, NaN
288.7,200.7, NaN
289.1,199.3, NaN
290.1,198.2, NaN
290.5,196.8, NaN
291.6,195.7, NaN
292.1,194.1, NaN
293.2,193, NaN
293.6,191.4, NaN
294.7,190.3, NaN
295.8,189.2, NaN
296.2,187.7, NaN
297.3,186.6, NaN
297.7,185.2, NaN
298.7,184.2, NaN
299.1,182.7, NaN
300.2,181.7, NaN
300.6,180.2, NaN
301.6,179.1, NaN
302.7,178.1, NaN
303.1,176.7, NaN
304.1,175.7, NaN
304.4,174.4, NaN
305.4,173.4, NaN
305.8,172, NaN
306.8,171, NaN
307.8,170, NaN
308.2,168.5, NaN
309.3,167.4, NaN
309.7,165.9, NaN
310.8,164.8, NaN
312,163.6, NaN
312.4,162.1, NaN
312.8,160.4, NaN
313.3,158.8, NaN
313.7,157.1, NaN
314.2,155.4, NaN
314.6,153.7, NaN
315.1,151.9, NaN
315.6,150.1, NaN
316.1,148.3, NaN
316.6,146.4, NaN
317.1,144.5, NaN
317.6,142.6, NaN
318.1,140.7, NaN
318.6,138.7, NaN
319.2,136.7, NaN
319.7,134.7, NaN
320.3,132.6, NaN
322.1,131.5, NaN
324,130.4, NaN
326,129.3, NaN
326,127.1, NaN
327.9,125.9, NaN
327.9,123.6, NaN
330,122.5, NaN
332,121.3, NaN
332,118.9, NaN
334.1,117.7, NaN
334.1,115.2, NaN
336.3,114, NaN
336.3,111.4, NaN
338.5,110.2, NaN
338.5,107.6, NaN
340.7,106.3, NaN
340.7,103.6, NaN
343.1,102.3, NaN
345.4,100.9, NaN
345.4,98.2, NaN
345.4,95.5, NaN
345.4,92.7, NaN
345.4,89.8, NaN
345.4,87, NaN
345.4,84.1, NaN
345.4,81.2, NaN
346.4,78.4, NaN
347.3,75.6, NaN
348.3,72.8, NaN
349.3,69.9, NaN
350.3,67, NaN
350.5,64, NaN
351.3,61, NaN
352.1,58.1, NaN
352.9,55.2, NaN
354,52.4, NaN
355.3,49.8, NaN
356.6,47.2, NaN
358.1,44.8, NaN
359.4,42.2, NaN
360.9,39.8, NaN
362.7,37.7, NaN
364.1,35.3, NaN
365.5,33, NaN
367.4,31.1, NaN
369.4,29.2, NaN
371.4,27.5, NaN
373.1,25.6, NaN
375.2,24.1, NaN
377.3,22.7, NaN
379.2,21, NaN
381,19.2, NaN
382.9,17.7, NaN
385.1,16.6, NaN
387,15.1, NaN
389.1,14.1, NaN
391.2,13.1, NaN
393.1,11.7, NaN
395.2,10.9, NaN
397.1,9.7, NaN
398.9,8.5, NaN
401,7.7, NaN
403,7, NaN
405,6.3, NaN
407.1,5.7, NaN
408.9,4.8, NaN
408.6,2.8, NaN
408.1,0.9, NaN
407.6,-0.9, NaN
407.3,-2.9, NaN
407.1,-4.8, NaN
406.6,-6.6, NaN
406.3,-8.4, NaN
405.8,-10.2, NaN
405.7,-12, NaN
405.4,-13.7, NaN
405,-15.4, NaN
404.7,-17.1, NaN
404.3,-18.7, NaN
403.6,-20.3, NaN
403.4,-21.9, NaN
403,-23.4, NaN
402.7,-24.9, NaN
402.3,-26.4, NaN
401.8,-27.8, NaN
401.4,-29.2, NaN
400.7,-30.5, NaN
400.3,-31.9, NaN
399.7,-33.1, NaN
398.9,-34.2, NaN
398.3,-35.4, NaN
397.8,-36.6, NaN
397.2,-37.7, NaN
396.6,-38.7, NaN
395.8,-39.7, NaN
395.1,-40.6, NaN
394.4,-41.5, NaN
393.8,-42.4, NaN
393,-43.1, NaN
392.3,-43.9, NaN
391.6,-43.2, NaN
391.1,-42.3, NaN
390.6,-41.5, NaN
390.1,-40.7, NaN
389.8,-39.9, NaN
389.5,-39.1, NaN
389.1,-38.3, NaN
388.9,-37.5, NaN
388.5,-36.8, NaN
388.3,-36.1, NaN
388.2,-35.4, NaN
388,-34.7, NaN
387.9,-34.1, NaN
387.8,-33.5, NaN
387.8,-32.9, NaN
387.7,-32.3, NaN
387.7,-31.8, NaN
387.8,-31.3, NaN
387.9,-30.8, NaN
387.9,-30.3, NaN
388,-29.9, NaN
388,-29.9, NaN
388,-29.9, NaN
388,-29.9, NaN
388,-29.9, NaN
388,-29.9, NaN
388,-29.9, NaN
388,-29.9, NaN
388,-29.9, NaN
388,-29.9, NaN
388,-29.9, NaN
388,-29.9, NaN
388,-29.9, NaN
388,-29.9, NaN
388,-29.9, 0
388,-29.9, 0
388,-29.9, 0
388,-29.9, 0
388,-29.9, 0
388,-29.9, 0
388,-29.9, 0
388,-29.9, 0
388,-29.9, 0
388,-29.9, 0
388,-29.9, 0
388,-29.9, 0
388,-29.9, 0
388,-29.9, 0
388,-29.9, NaN
388,-30, NaN
388.1,-30, NaN
388.2,-30.1, NaN
388.3,-30.2, NaN
388.4,-30.4, NaN
388.6,-30.5, NaN
388.7,-30.7, NaN
388.9,-30.9, NaN
389.1,-31.1, NaN
389.4,-31.3, NaN
389.6,-31.6, NaN
389.9,-31.9, NaN
390.2,-32.1, NaN
390.5,-32.5, NaN
390.8,-32.8, NaN
391.2,-33.2, NaN
391.6,-33.5, NaN
392,-34, NaN
392.4,-34.4, NaN
392.9,-34.8, NaN
393.3,-35.3, NaN
393.8,-35.8, NaN
394.3,-36.3, NaN
394.9,-36.8, NaN
395.4,-37.4, NaN
396,-37.9, NaN
396.6,-38.5, NaN
397.2,-39.2, NaN
397.8,-39.8, NaN
398.5,-40.4, NaN
399.2,-41.1, NaN
399.9,-41.8, NaN
400.6,-42.5, NaN
401.3,-43.3, NaN
402.1,-44.1, NaN
402.9,-44.8, NaN
403.7,-45.6, NaN
404.5,-46.5, NaN
405.4,-47.3, NaN
406.2,-48.2, NaN
407.3,-48.8, NaN
408.2,-49.7, NaN
409.2,-50.7, NaN
410.1,-51.6, NaN
410.5,-53, NaN
411.7,-53.7, NaN
412.1,-55, NaN
413.3,-55.8, NaN
413.7,-57.2, NaN
414.1,-58.7, NaN
415.5,-59.5, NaN
415.9,-61, NaN
416.3,-62.6, NaN
417.7,-63.4, NaN
418.2,-65, NaN
419.6,-65.9, NaN
420.1,-67.6, NaN
420.6,-69.3, NaN
422.1,-70.2, NaN
422.6,-71.9, NaN
423.1,-73.7, NaN
424.7,-74.7, NaN
425.2,-76.5, NaN
426.9,-77.5, NaN
427.4,-79.4, NaN
427.9,-81.4, NaN
429.7,-82.4, NaN
430.2,-84.4, NaN
432,-85.4, NaN
432.6,-87.5, NaN
433.2,-89.6, NaN
435.1,-90.7, NaN
435.6,-92.8, NaN
436.2,-95, NaN
438.2,-96.1, NaN
438.8,-98.4, NaN
440.8,-99.5, NaN
441.4,-101.8, NaN
442,-104.1, NaN
444.1,-105.4, NaN
444.8,-107.7, NaN
445.4,-110.1, NaN
447.6,-111.4, NaN
448.3,-113.9, NaN
450.5,-115.2, NaN
451.2,-117.7, NaN
451.9,-120.2, NaN
454.2,-121.6, NaN
454.9,-124.2, NaN
455.6,-126.8, NaN
458,-128.2, NaN
458.7,-130.9, NaN
461.1,-132.3, NaN
461.9,-135, NaN
462.6,-137.8, NaN
465.1,-139.3, NaN
465.9,-142.1, NaN
466.7,-145, NaN
469.3,-146.5, NaN
470.1,-149.4, NaN
472.7,-150.9, NaN
473.5,-153.9, NaN
474.3,-156.9, NaN
475.1,-159.8, NaN
475.9,-162.9, NaN
476.7,-165.9, NaN
477.5,-169, NaN
478.4,-172.1, NaN
479.2,-175.2, NaN
480,-178.4, NaN
480.9,-181.6, NaN
481.8,-184.8, NaN
482.6,-188, NaN
483.5,-191.3, NaN
484.4,-194.6, NaN
485.3,-197.9, NaN
486.2,-201.3, NaN
487.9,-204.4, NaN
489.6,-207.5, NaN
491.3,-210.6, NaN
493.1,-213.7, NaN
494.2,-217.2, NaN
495.6,-220.5, NaN
497.3,-223.6, NaN
499.2,-226.6, NaN
501.1,-229.6, NaN
503.2,-232.3, NaN
505.4,-235, NaN
507.5,-237.7, NaN
509.3,-240.6, NaN
511.2,-243.4, NaN
513.5,-245.8, NaN
515.6,-248.3, NaN
518.1,-250.4, NaN
520.2,-252.9, NaN
522.4,-255.2, NaN
525.1,-257, NaN
527.7,-258.7, NaN
530.2,-260.5, NaN
532.8,-262.2, NaN
535.7,-263.3, NaN
538.4,-264.7, NaN
541.1,-266, NaN
543.8,-267.1, NaN
546.6,-268, NaN
549.2,-269.3, NaN
552,-270.2, NaN
554.6,-271.3, NaN
557.1,-272.5, NaN
559.7,-273.7, NaN
562.3,-274.5, NaN
564.8,-275.5, NaN
567.5,-275.9, NaN
570.2,-276.3, NaN
572.8,-276.8, NaN
575.2,-277.6, NaN
577.6,-278.5, NaN
580,-279.4, NaN
582.5,-280.1, NaN
584.8,-281, NaN
587.1,-281.8, NaN
589.5,-282.3, NaN
591.9,-282.6, NaN
594.1,-283.5, NaN
596.3,-284.3, NaN
598.5,-284.8, NaN
600.8,-285, NaN
603,-285.3, NaN
601.6,-287, NaN
599.9,-288.4, NaN
598.3,-289.9, NaN
596.7,-291.3, NaN
595.2,-292.8, NaN
593.7,-294.2, NaN
592.1,-295.4, NaN
590.3,-296.3, NaN
588.6,-297.3, NaN
586.9,-298.4, NaN
585.3,-299.4, NaN
583.6,-300.3, NaN
581.9,-301, NaN
580.2,-301.7, NaN
578.5,-302.2, NaN
576.7,-302.4, NaN
575,-302.6, NaN
573.3,-302.8, NaN
571.6,-303, NaN
570,-302.8, NaN
568.4,-302.5, NaN
566.9,-302.1, NaN
565.3,-301.9, NaN
563.8,-301.5, NaN
562.4,-301, NaN
561.1,-300.4, NaN
559.7,-300, NaN
558.4,-299.5, NaN
557.2,-298.8, NaN
555.9,-298.3, NaN
554.8,-297.7, NaN
553.6,-297.2, NaN
552.5,-296.6, NaN
551.4,-296, NaN
550.5,-295.2, NaN
549.7,-294.4, NaN
548.9,-293.6, NaN
548.1,-292.8, NaN
547.4,-292, NaN
546.7,-291.2, NaN
546,-290.4, NaN
545.5,-289.6, NaN
545,-288.8, NaN
544.5,-288, NaN
544.1,-287.2, NaN
543.8,-286.4, NaN
543.5,-285.6, NaN
543.1,-284.9, NaN
542.8,-284.2, NaN
542.5,-283.5, NaN
542.4,-282.8, NaN
542.2,-282.1, NaN
542.1,-281.5, NaN
541.9,-280.9, NaN
541.6,-280.3, NaN
541.5,-279.7, NaN
541.4,-279.2, NaN
541.3,-278.7, NaN
541.2,-278.2, NaN
541.1,-277.8, NaN
541.1,-277.4, NaN
541,-277, NaN
541,-277, NaN
541,-277, NaN
541,-277, NaN
541,-277, NaN
541,-277, NaN
541,-277, NaN
541,-277, NaN
541,-277, NaN
541,-277, NaN
541,-277, NaN
541,-277, NaN
541,-277, NaN
541.1,-277.1, NaN
541.2,-277.1, NaN
541.3,-277.2, NaN
541.4,-277.2, NaN
541.5,-277.3, NaN
541.7,-277.4, NaN
541.9,-277.5, NaN
542.2,-277.7, NaN
542.4,-277.8, NaN
542.7,-278, NaN
543,-278.2, NaN
543.4,-278.4, NaN
543.7,-278.6, NaN
544.1,-278.8, NaN
544.5,-279, NaN
545,-279.3, NaN
545.4,-279.6, NaN
545.9,-279.9, NaN
546.5,-280.2, NaN
547,-280.5, NaN
547.6,-280.8, NaN
548.2,-281.1, NaN
548.8,-281.5, NaN
549.4,-281.9, NaN
550.1,-282.3, NaN
550.8,-282.7, NaN
551.6,-283.1, NaN
552.3,-283.5, NaN
553.1,-284, NaN
553.9,-284.4, NaN
554.7,-284.9, NaN
555.6,-285.4, NaN
556.5,-285.9, NaN
557.4,-286.5, NaN
558.3,-287, NaN
558.6,-288.1, NaN
559.6,-288.6, NaN
559.9,-289.8, NaN
560.2,-290.9, NaN
561.3,-291.5, NaN
561.6,-292.8, NaN
562.7,-293.4, NaN
563,-294.7, NaN
563.4,-296, NaN
564.6,-296.7, NaN
565,-298, NaN
565.3,-299.4, NaN
566.6,-300.2, NaN
567,-301.6, NaN
568.3,-302.4, NaN
568.7,-303.9, NaN
569.1,-305.4, NaN
570.5,-306.2, NaN
571,-307.8, NaN
571.4,-309.4, NaN
572.9,-310.3, NaN
573.3,-312, NaN
574.9,-312.9, NaN
575.3,-314.6, NaN
575.8,-316.4, NaN
577.4,-317.3, NaN
577.9,-319.1, NaN
578.4,-321, NaN
580.1,-322, NaN
580.6,-323.9, NaN
582.3,-324.9, NaN
582.9,-326.8, NaN
583.4,-328.8, NaN
585.2,-329.9, NaN
585.8,-332, NaN
586.3,-334, NaN
588.2,-335.1, NaN
588.8,-337.3, NaN
590.7,-338.4, NaN
591.3,-340.6, NaN
591.9,-342.8, NaN
594,-344, NaN
594.6,-346.3, NaN
595.2,-348.6, NaN
597.3,-349.8, NaN
597.9,-352.2, NaN
600.1,-353.5, NaN
600.7,-355.9, NaN
601.4,-358.3, NaN
603.6,-359.6, NaN
604.3,-362.2, NaN
606.6,-363.5, NaN
607.3,-366.1, NaN
608,-368.7, NaN
610.4,-370, NaN
611.1,-372.7, NaN
613.5,-374.1, NaN
614.2,-376.8, NaN
615,-379.6, NaN
615.7,-382.4, NaN
616.5,-385.2, NaN
617.2,-388, NaN
618,-390.8, NaN
618.7,-393.6, NaN
619.5,-396.5, NaN
622.4,-397.3, NaN
625.3,-398.1, NaN
625.3,-401.1, NaN
625.3,-404.2, NaN
625.3,-407.3, NaN
625.3,-410.5, NaN
625.3,-413.7, NaN
625.3,-416.9, NaN
627.3,-419.5, NaN
629.2,-422.1, NaN
631.2,-424.7, NaN
633.2,-427.4, NaN
635.2,-430.1, NaN
637.1,-432.9, NaN
638.5,-435.9, NaN
640.2,-438.8, NaN
641.8,-441.7, NaN
644.2,-444, NaN
646.2,-446.5, NaN
648.1,-449.1, NaN
649.9,-451.7, NaN
651.9,-454.1, NaN
654.4,-456.1, NaN
656.6,-458.2, NaN
659.1,-460, NaN
661.5,-461.8, NaN
664,-463.5, NaN
666.6,-464.9, NaN
669.2,-466.2, NaN
671.8,-467.5, NaN
674.3,-469, NaN
676.8,-470.4, NaN
679.2,-471.8, NaN
681.8,-472.8, NaN
684.3,-474, NaN
686.9,-475, NaN
689.5,-475.5, NaN
692,-476.3, NaN
694.5,-477.2, NaN
697.1,-477.4, NaN
699.7,-477.8, NaN
702.2,-478.2, NaN
704.6,-478.9, NaN
707.1,-479, NaN
709.5,-479.3, NaN
711.9,-479.7, NaN
714.3,-479.6, NaN
716.7,-479.6, NaN
719,-480.1, NaN
721.3,-480.2, NaN
723.6,-480.3, NaN
722.9,-482.5, NaN
722.5,-484.6, NaN
721.8,-486.7, NaN
721.1,-488.7, NaN
720,-490.6, NaN
718.8,-492.3, NaN
717.5,-493.9, NaN
716.4,-495.6, NaN
715.5,-497.4, NaN
714.4,-499.1, NaN
713.2,-500.6, NaN
712,-502.1, NaN
710.9,-503.6, NaN
709.8,-505.2, NaN
708.7,-506.6, NaN
707.5,-508, NaN
706.3,-509.2, NaN
705.1,-510.5, NaN
703.8,-511.7, NaN
702.5,-512.7, NaN
701.4,-513.9, NaN
700.2,-515, NaN
698.9,-515.9, NaN
697.6,-516.7, NaN
696.3,-517.6, NaN
695.1,-518.5, NaN
693.9,-519.4, NaN
692.7,-520.1, NaN
691.5,-520.9, NaN
690.4,-521.6, NaN
689.2,-522.3, NaN
688,-522.9, NaN
686.8,-523.3, NaN
685.6,-523.6, NaN
684.4,-524, NaN
683.3,-524.4, NaN
682.1,-524.7, NaN
681.1,-525, NaN
680,-525.2, NaN
678.9,-525.4, NaN
677.9,-525.4, NaN
676.8,-525.2, NaN
675.9,-525.1, NaN
674.9,-524.9, NaN
674,-524.9, NaN
673.1,-524.8, NaN
672.3,-524.6, NaN
671.4,-524.5, NaN
670.6,-524.4, NaN
669.9,-524, NaN
669.2,-523.9, NaN
668.5,-523.6, NaN
667.9,-523.3, NaN
667.3,-523, NaN
666.8,-522.7, NaN
666.3,-522.3, NaN
665.8,-522.1, NaN
665.3,-521.8, NaN
664.9,-521.5, NaN
664.6,-521.1, NaN
664.2,-520.9, NaN
663.9,-520.6, NaN
663.7,-520.3, NaN
663.7,-520.3, NaN
663.7,-520.3, NaN
663.7,-520.3, NaN
663.7,-520.3, NaN
663.7,-520.3, NaN
663.7,-520.3, NaN
663.7,-520.3, NaN
663.7,-520.3, NaN
663.7,-520.3, NaN
663.7,-520.3, NaN
663.7,-520.3, NaN
663.7,-520.3, NaN
663.7,-520.3, 0
663.7,-520.3, 0
663.7,-520.3, 0
663.7,-520.3, 0
663.7,-520.3, 0
663.7,-520.3, 0
663.7,-520.3, 0
663.7,-520.3, 0
663.7,-520.3, 0
663.7,-520.3, 0
663.7,-520.3, 0
663.7,-520.3, 0
663.7,-520.3, 0
663.7,-520.3, 0
663.7,-520.3, 0
663.7,-520.3, NaN
663.7,-520.3, NaN
663.8,-520.4, NaN
663.8,-520.5, NaN
663.9,-520.7, NaN
664,-520.8, NaN
664.1,-521, NaN
664.2,-521.2, NaN
664.3,-521.4, NaN
664.5,-521.7, NaN
664.7,-522, NaN
664.8,-522.3, NaN
665.2,-522.5, NaN
665.5,-522.7, NaN
665.9,-522.9, NaN
666.3,-523.2, NaN
666.8,-523.4, NaN
667.3,-523.7, NaN
667.7,-524, NaN
668.3,-524.3, NaN
668.8,-524.6, NaN
669.4,-524.9, NaN
670,-525.3, NaN
670.6,-525.6, NaN
671.3,-526, NaN
671.9,-526.4, NaN
672.6,-526.8, NaN
673.4,-527.2, NaN
674.1,-527.6, NaN
674.9,-528.1, NaN
675.7,-528.6, NaN
676.5,-529, NaN
677.4,-529.5, NaN
678.3,-530, NaN
679.2,-530.6, NaN
680.1,-531.1, NaN
681.1,-531.7, NaN
682.1,-532.2, NaN
683.1,-532.8, NaN
684.1,-533.4, NaN
685.2,-534, NaN
686.3,-534.7, NaN
687.4,-535.3, NaN
688.5,-536, NaN
689.7,-536.6, NaN
690.9,-537.3, NaN
692.1,-538, NaN
693.4,-538.8, NaN
694.6,-539.5, NaN
695.9,-540.2, NaN
697.3,-541, NaN
698.6,-541.8, NaN
700,-542.6, NaN
701.4,-543.4, NaN
702.8,-544.2, NaN
704.3,-545.1, NaN
705.8,-545.9, NaN
707.3,-546.8, NaN
708.8,-547.7, NaN
710.4,-548.6, NaN
711.9,-549.5, NaN
713.5,-550.4, NaN
715.2,-551.4, NaN
716.8,-552.3, NaN
718.5,-553.3, NaN
720.3,-554.3, NaN
722,-555.3, NaN
723.8,-556.3, NaN
725.6,-557.3, NaN
727.4,-558.4, NaN
729.2,-559.5, NaN
729.8,-561.5, NaN
731.7,-562.6, NaN
732.2,-564.8, NaN
732.8,-567, NaN
734.8,-568.1, NaN
735.4,-570.3, NaN
737.4,-571.5, NaN
738,-573.8, NaN
738.7,-576.1, NaN
740.8,-577.3, NaN
741.4,-579.7, NaN
743.6,-580.9, NaN
744.2,-583.4, NaN
744.9,-585.8, NaN
747.1,-587.1, NaN
747.8,-589.7, NaN
750.1,-591, NaN
750.8,-593.6, NaN
751.5,-596.2, NaN
753.8,-597.5, NaN
754.5,-600.2, NaN
757,-601.6, NaN
757.7,-604.3, NaN
758.4,-607.1, NaN
760.9,-608.5, NaN
761.7,-611.3, NaN
762.4,-614.2, NaN
763.2,-617, NaN
764,-619.9, NaN
764.7,-622.8, NaN
765.5,-625.7, NaN
766.3,-628.6, NaN
769.2,-629.4, NaN
772.2,-630.2, NaN
775.2,-631, NaN
778.3,-631.8, NaN
781.4,-632.6, NaN
784.5,-633.5, NaN
784.5,-636.7, NaN
784.5,-640, NaN
784.5,-643.3, NaN
784.5,-646.6, NaN
784.5,-650, NaN
786.3,-652.8, NaN
788.2,-655.6, NaN
790.2,-658.5, NaN
792.1,-661.4, NaN
794,-664.3, NaN
795.2,-667.7, NaN
797.2,-670.5, NaN
798.7,-673.6, NaN
800.4,-676.7, NaN
802.4,-679.4, NaN
804.7,-681.9, NaN
807.2,-684.2, NaN
809,-687, NaN
811.3,-689.3, NaN
813.8,-691.5, NaN
816.2,-693.6, NaN
818.8,-695.5, NaN
821.2,-697.6, NaN
824,-699.1, NaN
826.7,-700.7, NaN
829.1,-702.6, NaN
831.7,-704.2, NaN
834.2,-705.9, NaN
836.8,-707.5, NaN
839.4,-708.7, NaN
842.1,-710, NaN
844.8,-711, NaN
847.3,-712.4, NaN
850.1,-713.2, NaN
852.7,-714.1, NaN
855.4,-715, NaN
858.1,-715.8, NaN
860.6,-716.6, NaN
863.3,-717, NaN
866,-717.4, NaN
868.4,-718.3, NaN
871,-718.9, NaN
873.5,-719.3, NaN
876.1,-719.7, NaN
878.5,-720.4, NaN
880.9,-721, NaN
883.3,-721.5, NaN
885.7,-721.7, NaN
888.1,-721.7, NaN
890.5,-721.9, NaN
892.8,-722.3, NaN
895,-723, NaN
897.3,-723.2, NaN
899.5,-723.1, NaN
898.5,-725.1, NaN
897.1,-726.8, NaN
895.7,-728.4, NaN
894.5,-730.2, NaN
893.1,-731.7, NaN
891.6,-733.2, NaN
890,-734.5, NaN
888.5,-735.8, NaN
886.8,-736.8, NaN
885.3,-738.1, NaN
883.6,-739, NaN
882.1,-740.1, NaN
880.6,-741.2, NaN
879,-742, NaN
877.2,-742.4, NaN
875.5,-743, NaN
873.9,-743.6, NaN
872.3,-744.1, NaN
870.6,-744.5, NaN
869,-744.8, NaN
867.4,-744.9, NaN
865.8,-745, NaN
864.3,-745.2, NaN
862.7,-745.2, NaN
861.2,-745, NaN
859.8,-745, NaN
858.3,-744.9, NaN
856.9,-744.8, NaN
855.6,-744.6, NaN
854.3,-744.2, NaN
853,-743.8, NaN
851.8,-743.3, NaN
850.7,-742.8, NaN
849.6,-742.3, NaN
848.4,-741.9, NaN
847.4,-741.4, NaN
846.5,-740.7, NaN
845.5,-740.2, NaN
844.5,-739.8, NaN
843.6,-739.3, NaN
842.8,-738.6, NaN
842,-738, NaN
841.3,-737.3, NaN
840.6,-736.7, NaN
840,-736, NaN
839.5,-735.3, NaN
839.1,-734.6, NaN
838.5,-734, NaN
838,-733.4, NaN
837.6,-732.8, NaN
837.2,-732.2, NaN
836.8,-731.6, NaN
836.5,-731, NaN
836.3,-730.5, NaN
836,-729.9, NaN
835.9,-729.4, NaN
835.6,-728.9, NaN
835.4,-728.4, NaN
835.3,-727.9, NaN
835.2,-727.5, NaN
835.1,-727.1, NaN
835,-726.7, NaN
835,-726.7, NaN
835,-726.7, NaN
835,-726.7, NaN
835,-726.7, NaN
835,-726.7, NaN
835,-726.7, NaN
835,-726.7, NaN
835,-726.7, NaN
835,-726.8, NaN
835,-726.8, NaN
835.1,-726.9, NaN
835.1,-727, NaN
835.2,-727.1, NaN
835.3,-727.3, NaN
835.4,-727.5, NaN
835.5,-727.7, NaN
835.7,-727.9, NaN
835.8,-728.2, NaN
836,-728.4, NaN
836.1,-728.8, NaN
836.3,-729.1, NaN
836.6,-729.5, NaN
836.8,-729.8, NaN
837,-730.3, NaN
837.3,-730.7, NaN
837.5,-731.2, NaN
837.8,-731.7, NaN
838.1,-732.2, NaN
838.4,-732.7, NaN
838.8,-733.3, NaN
839.1,-733.9, NaN
839.5,-734.5, NaN
839.9,-735.2, NaN
840.2,-735.8, NaN
840.6,-736.5, NaN
841.1,-737.3, NaN
841.8,-737.7, NaN
842.6,-738.2, NaN
843.4,-738.6, NaN
844.2,-739.1, NaN
845.1,-739.6, NaN
846,-740.1, NaN
846.9,-740.6, NaN
847.8,-741.2, NaN
848.8,-741.7, NaN
849.8,-742.3, NaN
850.8,-742.9, NaN
851.8,-743.5, NaN
852.9,-744.1, NaN
854,-744.7, NaN
855.1,-745.4, NaN
856.2,-746, NaN
857.4,-746.7, NaN
858.6,-747.4, NaN
859.8,-748.1, NaN
861.1,-748.8, NaN
862.3,-749.6, NaN
863.6,-750.3, NaN
865,-751.1, NaN
866.3,-751.9, NaN
866.7,-753.4, NaN
868.1,-754.2, NaN
868.6,-755.8, NaN
870,-756.6, NaN
870.5,-758.3, NaN
872,-759.2, NaN
873.5,-760, NaN
874,-761.8, NaN
875.6,-762.7, NaN
876,-764.5, NaN
876.5,-766.3, NaN
878.2,-767.3, NaN
878.7,-769.2, NaN
879.2,-771.1, NaN
880.9,-772.1, NaN
881.5,-774, NaN
883.3,-775.1, NaN
883.8,-777.1, NaN
884.4,-779.2, NaN
886.2,-780.2, NaN
886.8,-782.4, NaN
887.4,-784.5, NaN
889.3,-785.6, NaN
891.3,-786.8, NaN
891.9,-789, NaN
893.9,-790.2, NaN
894.5,-792.5, NaN
896.6,-793.7, NaN
898.7,-794.9, NaN
899.3,-797.3, NaN
901.5,-798.5, NaN
902.2,-800.9, NaN
904.4,-802.2, NaN
905,-804.7, NaN
907.3,-806, NaN
908,-808.6, NaN
910.3,-809.9, NaN
911,-812.5, NaN
911.7,-815.1, NaN
914.1,-816.5, NaN
914.8,-819.2, NaN
917.2,-820.6, NaN
918,-823.4, NaN
918.7,-826.2, NaN
921.3,-827.6, NaN
922,-830.4, NaN
924.5,-831.9, NaN
927.1,-833.3, NaN
929.6,-834.8, NaN
932.2,-836.3, NaN
934.9,-837.8, NaN
937.5,-839.4, NaN
940.2,-840.9, NaN
942.9,-842.5, NaN
945.6,-844.1, NaN
948.4,-845.6, NaN
951.2,-847.3, NaN
953.5,-849.5, NaN
955.9,-851.8, NaN
958.2,-854, NaN
960.7,-856.3, NaN
963,-858.8, NaN
965.3,-861.1, NaN
967.7,-863.4, NaN
970,-865.7, NaN
972.3,-868, NaN
974.6,-870.3, NaN
976.9,-872.5, NaN
979.5,-874.3, NaN
982.2,-875.8, NaN
985,-877.1, NaN
987.7,-878.6, NaN
990.3,-880.1, NaN
992.8,-881.8, NaN
995.6,-882.6, NaN
998.4,-883.5, NaN
1001,-884.9, NaN
1003.8,-885.6, NaN
1006.5,-886.3, NaN
1009.1,-887.4, NaN
1011.9,-887.9, NaN
1014.5,-888.8, NaN
1017.2,-889.4, NaN
1019.9,-889.5, NaN
1022.5,-889.7, NaN
1025.1,-890.1, NaN
1027.7,-890.3, NaN
1030.3,-890.5, NaN
1032.8,-890.9, NaN
1035.3,-891, NaN
1037.8,-891.2, NaN
1040.3,-891.3, NaN
1042.7,-891, NaN
1045.1,-890.8, NaN
1047.5,-890.7, NaN
1049.8,-890.3, NaN
1052,-890, NaN
1054.3,-889.8, NaN
1053.9,-892, NaN
1053.7,-894.2, NaN
1053.4,-896.4, NaN
1053.3,-898.5, NaN
1053,-900.6, NaN
1052.3,-902.6, NaN
1051.6,-904.6, NaN
1051.1,-906.5, NaN
1050.5,-908.5, NaN
1050.1,-910.4, NaN
1049.4,-912.2, NaN
1048.7,-914, NaN
1047.9,-915.7, NaN
1047.3,-917.5, NaN
1046.7,-919.2, NaN
1046.1,-920.9, NaN
1045.5,-922.6, NaN
1044.8,-924.2, NaN
1044.1,-925.7, NaN
1043.2,-927.1, NaN
1042.5,-928.6, NaN
1041.9,-930.1, NaN
1041,-931.5, NaN
1040,-932.7, NaN
1039.1,-933.9, NaN
1038.3,-935.1, NaN
1037.3,-936.2, NaN
1036.4,-937.3, NaN
1035.3,-938.3, NaN
1034.5,-939.4, NaN
1033.5,-940.3, NaN
1032.5,-941.1, NaN
1031.4,-941.9, NaN
1030.4,-942.6, NaN
1029.3,-943.2, NaN
1028.3,-943.8, NaN
1027.3,-944.4, NaN
1026.3,-945, NaN
1025.3,-945.5, NaN
1024.3,-945.9, NaN
1023.3,-946.2, NaN
1022.3,-946.4, NaN
1021.4,-946.8, NaN
1020.5,-947, NaN
1019.5,-947.1, NaN
1018.7,-947.4, NaN
1017.8,-947.5, NaN
1017,-947.7, NaN
1016.2,-947.6, NaN
1015.4,-947.7, NaN
1014.7,-947.7, NaN
1013.9,-947.7, NaN
1013.3,-947.7, NaN
1012.6,-947.7, NaN
1012,-947.6, NaN
1011.4,-947.5, NaN
1010.8,-947.4, NaN
1010.3,-947.3, NaN
1009.8,-947.1, NaN
1009.4,-947, NaN
1008.9,-946.9, NaN
1008.5,-946.8, NaN
1008.2,-946.6, NaN
1008.2,-946.6, NaN
1008.2,-946.6, NaN
1008.2,-946.6, NaN
1008.2,-946.6, NaN
1008.2,-946.6, NaN
1008.2,-946.6, NaN
1008.2,-946.6, NaN
1008.2,-946.6, NaN
1008.2,-946.6, NaN
1008.2,-946.7, NaN
1008.3,-946.7, NaN
1008.4,-946.8, NaN
1008.5,-946.8, NaN
1008.7,-946.9, NaN
1008.9,-947, NaN
1009.1,-947.2, NaN
1009.3,-947.3, NaN
1009.6,-947.4, NaN
1009.7,-947.7, NaN
1010.1,-947.9, NaN
1010.4,-948.1, NaN
1010.6,-948.5, NaN
1011,-948.7, NaN
1011.2,-949.1, NaN
1011.7,-949.4, NaN
1012.1,-949.6, NaN
1012.4,-950.1, NaN
1012.9,-950.4, NaN
1013.3,-951, NaN
1013.8,-951.3, NaN
1014.4,-951.7, NaN
1014.8,-952.3, NaN
1015.4,-952.7, NaN
1015.8,-953.3, NaN
1016.5,-953.7, NaN
1017.3,-954.2, NaN
1017.7,-954.9, NaN
1018.5,-955.4, NaN
1018.9,-956.2, NaN
1019.8,-956.6, NaN
1020.6,-957.1, NaN
1021.1,-958, NaN
1022,-958.5, NaN
1022.6,-959.5, NaN
1023.6,-960, NaN
1024.5,-960.6, NaN
1025.1,-961.6, NaN
1026.2,-962.2, NaN
1026.8,-963.3, NaN
1027.9,-963.9, NaN
1029,-964.6, NaN
1029.6,-965.7, NaN
1030.8,-966.4, NaN
1031.5,-967.6, NaN
1032.7,-968.3, NaN
1034,-969, NaN
1034.7,-970.3, NaN
1036,-971, NaN
1037.3,-971.8, NaN
1038.7,-972.6, NaN
1039.5,-973.9, NaN
1040.9,-974.8, NaN
1042.3,-975.6, NaN
1043.1,-977, NaN
1044.6,-977.9, NaN
1046.1,-978.8, NaN
1047,-980.3, NaN
1048.6,-981.2, NaN
1050.2,-982.1, NaN
1051.1,-983.7, NaN
1052.7,-984.7, NaN
1054.4,-985.6, NaN
1055.4,-987.3, NaN
1056.4,-989, NaN
1057.4,-990.8, NaN
1058.4,-992.5, NaN
1059.4,-994.3, NaN
1060.5,-996.1, NaN
1061.5,-998, NaN
1062.6,-999.9, NaN
1063.7,-1001.8, NaN
1064.8,-1003.7, NaN
1065.9,-1005.6, NaN
1067.1,-1007.6, NaN
1068.2,-1009.6, NaN
1069.4,-1011.6, NaN
1070.6,-1013.7, NaN
1071.8,-1015.8, NaN
1073,-1017.9, NaN
1074.2,-1020, NaN
1075.5,-1022.1, NaN
1076.7,-1024.3, NaN
1078,-1026.5, NaN
1079.3,-1028.8, NaN
1080.6,-1031, NaN
1081.9,-1033.3, NaN
1083.3,-1035.6, NaN
1084.6,-1038, NaN
1086,-1040.3, NaN
1087.4,-1042.7, NaN
1088.1,-1045.4, NaN
1089.5,-1047.9, NaN
1090.2,-1050.6, NaN
1091,-1053.4, NaN
1091.7,-1056.1, NaN
1092.4,-1058.8, NaN
1093.1,-1061.5, NaN
1093.8,-1064.1, NaN
1094.5,-1066.7, NaN
1095.2,-1069.3, NaN
1095.9,-1071.8, NaN
1096.6,-1074.3, NaN
1097.6,-1076.7, NaN
1098.6,-1079.1, NaN
1099.6,-1081.4, NaN
1100.5,-1083.7, NaN
1101.5,-1086, NaN
1102.5,-1088.2, NaN
1102.9,-1090.6, NaN
1103.7,-1092.8, NaN
1104.7,-1095, NaN
1105.8,-1097.1, NaN
1106.4,-1099.3, NaN
1107.6,-1101.2, NaN
1108.4,-1103.3, NaN
1109.7,-1105.1, NaN
1110.9,-1107, NaN
1112.2,-1108.7, NaN
1113.6,-1110.4, NaN
1114.7,-1112.1, NaN
1116,-1113.7, NaN
1117.4,-1115.2, NaN
1118.6,-1116.8, NaN
1120.1,-1118.1, NaN
1121.4,-1119.6, NaN
1122.8,-1120.9, NaN
1124,-1122.3, NaN
1125.3,-1123.7, NaN
1126.7,-1124.9, NaN
1128,-1126.1, NaN
1129.3,-1127.3, NaN
1130.5,-1128.6, NaN
1131.7,-1129.8, NaN
1132.8,-1131, NaN
1133.9,-1132.2, NaN
1135,-1133.5, NaN
1136.2,-1134.5, NaN
1137.5,-1135.4, NaN
1138.6,-1136.4, NaN
1139.7,-1137.5, NaN
1140.8,-1138.4, NaN
1141.9,-1139.4, NaN
1143.1,-1140.1, NaN
1144.3,-1140.8, NaN
1145.3,-1141.7, NaN
1146.2,-1142.6, NaN
1147.2,-1143.5, NaN
1148.2,-1144.3, NaN
1149.2,-1145, NaN
1150,-1145.9, NaN
1150.9,-1146.7, NaN
1151.7,-1147.4, NaN
1152.6,-1148.1, NaN
1153.5,-1148.6, NaN
1154.3,-1149.4, NaN
1155.1,-1150, NaN
1155.8,-1150.7, NaN
1156.6,-1151.3, NaN
1157.3,-1151.8, NaN
1158,-1152.4, NaN
1158.6,-1153, NaN
1159.2,-1153.7, NaN
1159.7,-1154.3, NaN
1160.3,-1154.8, NaN
1160.8,-1155.3, NaN
1161.3,-1155.8, NaN
1161.3,-1155.8, NaN
1161.3,-1155.8, NaN
1161.3,-1155.8, NaN
1161.3,-1155.8, NaN
1161.3,-1155.8, NaN
1161.3,-1155.8, NaN
1161.3,-1155.8, NaN
1161.3,-1155.8, NaN
1161.4,-1155.8, NaN
1161.4,-1155.8, NaN
1161.5,-1155.9, NaN
1161.6,-1156, NaN
1161.7,-1156, NaN
1161.9,-1156.1, NaN
1162.1,-1156.2, NaN
1162.3,-1156.3, NaN
1162.5,-1156.5, NaN
1162.8,-1156.6, NaN
1163.1,-1156.8, NaN
1163.4,-1157, NaN
1163.7,-1157.2, NaN
1164.1,-1157.4, NaN
1164.5,-1157.6, NaN
1164.9,-1157.8, NaN
1165.2,-1158.2, NaN
1165.6,-1158.6, NaN
1166,-1159, NaN
1166.5,-1159.4, NaN
1167,-1159.7, NaN
1167.6,-1160.1, NaN
1168.2,-1160.4, NaN
1168.8,-1160.8, NaN
1169.3,-1161.3, NaN
1169.9,-1161.8, NaN
1170.4,-1162.4, NaN
1171,-1163, NaN
1171.7,-1163.6, NaN
1172.4,-1164.1, NaN
1173.2,-1164.5, NaN
1173.9,-1165.2, NaN
1174.6,-1165.9, NaN
1175.3,-1166.6, NaN
1176.1,-1167.4, NaN
1176.8,-1168.1, NaN
1177.6,-1168.9, NaN
1178.4,-1169.7, NaN
1179.3,-1170.6, NaN
1180.1,-1171.4, NaN
1181,-1172.3, NaN
1181.9,-1173.2, NaN
1182.8,-1174.1, NaN
1183.7,-1175, NaN
1184.7,-1176, NaN
1185.6,-1177, NaN
1186.6,-1177.9, NaN
1187.6,-1178.9, NaN
1188.5,-1179.8, NaN
1189.4,-1180.7, NaN
1190.3,-1181.6, NaN
1191.3,-1182.6, NaN
1192.2,-1183.5, NaN
1193.2,-1184.5, NaN
1194.1,-1185.4, NaN
1195,-1186.3, NaN
1196,-1187.3, NaN
1197,-1188.3, NaN
1198,-1189.3, NaN
1198.9,-1190.2, NaN
1199.9,-1191.2, NaN
1201.2,-1191.2, NaN
1202.2,-1192.2, NaN
1203.6,-1192.2, NaN
1205,-1192.2, NaN
1206,-1193.1, NaN
1207.3,-1193.1, NaN
1208.7,-1193.1, NaN
1210.1,-1193.1, NaN
1211.1,-1194.1, NaN
1212.5,-1194.1, NaN
1213.8,-1194.1, NaN
1214.8,-1195.1, NaN
1216.2,-1195.1, NaN
1217.2,-1196.1, NaN
1218.6,-1196.1, NaN
1219.6,-1197, NaN
1220.9,-1197, NaN
1221.9,-1198, NaN
1223,-1199.1, NaN
1224.4,-1199.1, NaN
1225.5,-1200.1, NaN
1227,-1200.1, NaN
1228.1,-1201.2, NaN
1229.2,-1202.3, NaN
1230.6,-1202.3, NaN
1231.7,-1203.3, NaN
1233.1,-1203.3, NaN
1234.1,-1204.3, NaN
1235.6,-1204.3, NaN
1236.7,-1205.4, NaN
1238.2,-1205.4, NaN
1239.6,-1205.4, NaN
1241,-1205.4, NaN
1242,-1206.4, NaN
1243.4,-1206.4, NaN
1244.8,-1206.4, NaN
1245.8,-1207.4, NaN
1247.3,-1207.4, NaN
1248.8,-1207.4, NaN
1250.3,-1207.4, NaN
1251.4,-1208.5, NaN
1253,-1208.5, NaN
1254.1,-1209.6, NaN
1255.3,-1210.8, NaN
1256.5,-1212, NaN
1257.7,-1213.2, NaN
1258.9,-1214.4, NaN
1260.2,-1215.7, NaN
1261.5,-1216.9, NaN
1262.7,-1218.2, NaN
1264.1,-1219.5, NaN
1265.4,-1220.9, NaN
1266.8,-1222.2, NaN
1268.1,-1223.6, NaN
1269.5,-1225, NaN
1271,-1226.4, NaN
1272.4,-1227.9, NaN
1273.9,-1229.3, NaN
1275.3,-1230.8, NaN
1276.9,-1232.3, NaN
1278.4,-1233.9, NaN
1279.9,-1235.4, NaN
1281.6,-1236.9, NaN
1283.3,-1238.4, NaN
1285,-1239.9, NaN
1286.8,-1241.4, NaN
1288.5,-1242.9, NaN
1290.3,-1244.5, NaN
1291.8,-1246.3, NaN
1293.4,-1248.1, NaN
1295.1,-1249.7, NaN
1296.6,-1251.5, NaN
1298.5,-1252.7, NaN
1300.4,-1253.9, NaN
1302.1,-1255.3, NaN
1303.9,-1256.6, NaN
1305.9,-1257.5, NaN
1307.6,-1258.8, NaN
1309.5,-1259.5, NaN
1311.2,-1260.7, NaN
1313,-1261.6, NaN
1314.9,-1262.3, NaN
1316.7,-1263.3, NaN
1318.5,-1264, NaN
1320.2,-1264.9, NaN
1322,-1265.3, NaN
1323.8,-1265.9, NaN
1325.5,-1266.6, NaN
1327.2,-1267.3, NaN
1328.9,-1267.6, NaN
1330.6,-1267.9, NaN
1332.3,-1268.4, NaN
1333.9,-1268.7, NaN
1335.4,-1269.4, NaN
1336.9,-1270.1, NaN
1338.4,-1270.4, NaN
1339.9,-1270.7, NaN
1341.4,-1271.1, NaN
1342.9,-1271.5, NaN
1344.3,-1271.9, NaN
1345.7,-1272.2, NaN
1347.1,-1272.5, NaN
1348.4,-1272.6, NaN
1349.8,-1272.7, NaN
1351.1,-1273, NaN
1352.3,-1273.4, NaN
1353.6,-1273.6, NaN
1354.8,-1273.6, NaN
1355.9,-1274, NaN
1357.1,-1274.1, NaN
1358.2,-1274.3, NaN
1359.3,-1274.5, NaN
1360.4,-1274.6, NaN
1361.4,-1274.9, NaN
1362.4,-1275.1, NaN
1363.4,-1275.2, NaN
1364.3,-1275.6, NaN
1365.2,-1275.7, NaN
1366.1,-1276, NaN
1366.8,-1276.3, NaN
1367.7,-1276.5, NaN
1368.4,-1276.7, NaN
1369.2,-1277, NaN
1369.9,-1277.3, NaN
1370.5,-1277.7, NaN
1371.1,-1277.9, NaN
1371.7,-1278.3, NaN
1372.2,-1278.6, NaN
1372.7,-1278.9, NaN
1373.3,-1279.1, NaN
1373.7,-1279.5, NaN
1374.1,-1279.7, NaN
1374.5,-1280, NaN
1374.8,-1280.3, NaN
1374.8,-1280.3, NaN
1374.8,-1280.3, NaN
1374.8,-1280.3, NaN
1374.8,-1280.3, NaN
1374.8,-1280.3, NaN
1374.8,-1280.3, NaN
1374.8,-1280.3, NaN
1374.8,-1280.3, NaN
1374.8,-1280.3, NaN
1374.8,-1280.3, NaN
1374.8,-1280.3, NaN
1374.8,-1280.3, NaN
1374.8,-1280.3, NaN
1374.8,-1280.3, NaN
1374.8,-1280.3, 0
1374.8,-1280.3, 0
1374.8,-1280.3, 0
1374.8,-1280.3, 0
1374.8,-1280.3, 0
1374.8,-1280.3, 0
1374.8,-1280.3, 0
1374.8,-1280.3, 0
1374.8,-1280.3, 0
1374.8,-1280.3, 0
1374.8,-1280.3, 0
1374.8,-1280.3, 0
1374.8,-1280.3, 0
1374.9,-1280.3, NaN
1374.9,-1280.3, NaN
1375,-1280.4, NaN
1375.1,-1280.4, NaN
1375.3,-1280.4, NaN
1375.4,-1280.5, NaN
1375.6,-1280.5, NaN
1375.9,-1280.6, NaN
1376.1,-1280.7, NaN
1376.4,-1280.7, NaN
1376.8,-1280.8, NaN
1377.1,-1280.9, NaN
1377.5,-1281, NaN
1377.9,-1281.1, NaN
1378.3,-1281.2, NaN
1378.8,-1281.4, NaN
1379.3,-1281.5, NaN
1379.8,-1281.6, NaN
1380.3,-1281.8, NaN
1380.9,-1281.9, NaN
1381.5,-1282.1, NaN
1382.2,-1282.3, NaN
1382.8,-1282.5, NaN
1383.5,-1282.6, NaN
1384.3,-1282.8, NaN
1385,-1283, NaN
1385.8,-1283.2, NaN
1386.6,-1283.5, NaN
1387.4,-1283.7, NaN
1388.3,-1283.9, NaN
1389.2,-1284.2, NaN
1390.1,-1284.4, NaN
1391.1,-1284.7, NaN
1392.1,-1284.9, NaN
1393.1,-1285.2, NaN
1394.1,-1285.5, NaN
1395.2,-1285.8, NaN
1396.3,-1286.1, NaN
1397.4,-1286.4, NaN
1398.6,-1286.7, NaN
1399.8,-1287, NaN
1401,-1287.3, NaN
1402.3,-1287.7, NaN
1403.5,-1288, NaN
1404.8,-1288.3, NaN
1406.2,-1288.7, NaN
1407.5,-1289.1, NaN
1408.9,-1289.4, NaN
1410.3,-1289.8, NaN
1411.8,-1290.2, NaN
1413.3,-1290.6, NaN
1414.8,-1291, NaN
1416.3,-1291.4, NaN
1417.9,-1291.8, NaN
1419.5,-1292.3, NaN
1421.1,-1292.7, NaN
1422.7,-1293.1, NaN
1424.4,-1293.6, NaN
1426.1,-1294.1, NaN
1427.9,-1294.5, NaN
1429.6,-1295, NaN
1431.4,-1295.5, NaN
1433.3,-1296, NaN
1435.1,-1296.5, NaN
1437,-1297, NaN
1438.9,-1297.5, NaN
1440.8,-1298, NaN
1442.8,-1298.5, NaN
1444.8,-1299.1, NaN
1446.8,-1299.6, NaN
1448.9,-1300.2, NaN
1451,-1300.7, NaN
1453.1,-1301.3, NaN
1455.3,-1301.9, NaN
1457.4,-1302.4, NaN
1459.6,-1303, NaN
1461.9,-1303.6, NaN
1464.1,-1304.2, NaN
1466.4,-1304.8, NaN
1468.7,-1305.5, NaN
1471.1,-1306.1, NaN
1473.4,-1306.7, NaN
1475.9,-1307.4, NaN
1478.3,-1308, NaN
1480.8,-1308.7, NaN
1483.2,-1309.4, NaN
1485.8,-1310, NaN
1488.3,-1309.3, NaN
1490.9,-1310, NaN
1493.5,-1309.3, NaN
1496.1,-1308.6, NaN
1498.8,-1309.3, NaN
1501.5,-1308.6, NaN
1504.2,-1307.9, NaN
1507,-1307.2, NaN
1509.8,-1307.9, NaN
1512.6,-1307.2, NaN
1515.4,-1306.4, NaN
1518.3,-1307.2, NaN
1521.2,-1306.4, NaN
1524.1,-1307.2, NaN
1527.1,-1308, NaN
1530,-1308.8, NaN
1533.1,-1309.6, NaN
1536.1,-1310.4, NaN
1539.2,-1311.2, NaN
1542.3,-1312, NaN
1545.4,-1312.9, NaN
1548.6,-1313.7, NaN
1551.7,-1314.6, NaN
1555,-1315.4, NaN
1558.2,-1316.3, NaN
1561.5,-1317.2, NaN
1564.8,-1318.1, NaN
1568.1,-1319, NaN
1571.5,-1319.9, NaN
1574.9,-1320.8, NaN
1578.3,-1321.7, NaN
1581.7,-1322.6, NaN
1585.2,-1323.5, NaN
1588.7,-1324.5, NaN
1592.2,-1325.4, NaN
1595.7,-1326.4, NaN
1599.3,-1327.3, NaN
1602.8,-1328.3, NaN
1606.4,-1329.2, NaN
1610.1,-1330.2, NaN
1613.3,-1328.3, NaN
1617,-1329.3, NaN
1620.7,-1330.3, NaN
1624.1,-1328.4, NaN
1627.8,-1329.4, NaN
1631.2,-1327.4, NaN
1635.1,-1328.4, NaN
1638.5,-1326.4, NaN
1642.4,-1327.5, NaN
1645.9,-1325.4, NaN
1649.4,-1323.4, NaN
1653.4,-1324.5, NaN
1657,-1322.4, NaN
1660.6,-1320.3, NaN
1664.7,-1321.4, NaN
1668.3,-1319.3, NaN
1672.4,-1320.4, NaN
1676.2,-1318.2, NaN
1680.3,-1319.4, NaN
1684.5,-1320.5, NaN
1688.8,-1321.6, NaN
1693,-1322.8, NaN
1697.3,-1323.9, NaN
1701.5,-1325, NaN
1705.8,-1326.2, NaN
1710.1,-1327.3, NaN
1714.4,-1328, NaN
1718.9,-1328.7, NaN
1723.3,-1329.4, NaN
1727.5,-1331.1, NaN
1731.6,-1332.9, NaN
1736.1,-1333.3, NaN
1740.3,-1334.5, NaN
1744.6,-1335.7, NaN
1749,-1336.1, NaN
1753.3,-1336.1, NaN
1757.6,-1336.5, NaN
1761.9,-1336.7, NaN
1766.2,-1336.4, NaN
1770.3,-1335.4, NaN
1774.3,-1334.3, NaN
1778.5,-1334.1, NaN
1782.6,-1333.4, NaN
1786.5,-1332.2, NaN
1790.5,-1331.3, NaN
1794.4,-1330.2, NaN
1798.3,-1329.2, NaN
1801.8,-1327.3, NaN
1805.4,-1325.8, NaN
1808.9,-1324, NaN
1812.6,-1322.8, NaN
1816.3,-1321.4, NaN
1819.5,-1319.3, NaN
1822.7,-1317.3, NaN
1825.7,-1315, NaN
1828.8,-1312.9, NaN
1832.2,-1311.4, NaN
1835.3,-1309.3, NaN
1838,-1306.9, NaN
1841.2,-1305.2, NaN
1843.8,-1302.6, NaN
1846.4,-1300.2, NaN
1849.3,-1298.2, NaN
1851.9,-1295.8, NaN
1854.6,-1293.6, NaN
1857.5,-1291.7, NaN
1859.8,-1289.2, NaN
1862.1,-1286.8, NaN
1864.5,-1284.3, NaN
1867.1,-1282.2, NaN
1864.7,-1284.5, NaN
1864.4,-1287.8, NaN
1864.3,-1291, NaN
1864.6,-1294.2, NaN
1864.7,-1297.4, NaN
1865.1,-1300.5, NaN
1864.9,-1303.6, NaN
1864.8,-1306.7, NaN
1865.1,-1309.8, NaN
1864.9,-1312.8, NaN
1864.5,-1315.8, NaN
1864.5,-1318.7, NaN
1864.2,-1321.7, NaN
1863.7,-1324.5, NaN
1863.4,-1327.4, NaN
1863.1,-1330.2, NaN
1862.5,-1333, NaN
1862,-1335.7, NaN
1861.1,-1338.3, NaN
1860.3,-1341, NaN
1859.9,-1343.6, NaN
1858.9,-1346.1, NaN
1858.1,-1348.6, NaN
1857.1,-1351, NaN
1856,-1353.4, NaN
1855.2,-1355.8, NaN
1854,-1358, NaN
1852.8,-1360.2, NaN
1851.4,-1362.2, NaN
1850,-1364.1, NaN
1848.9,-1366.3, NaN
1847.7,-1368.3, NaN
1846.3,-1370.2, NaN
1847.9,-1368.5, NaN
1849.3,-1366.7, NaN
1850.8,-1365.1, NaN
1848.9,-1363.9, NaN
1847,-1362.9, NaN
1845.3,-1361.6, NaN
1843.4,-1360.6, NaN
1841.9,-1359.1, NaN
1840.2,-1358, NaN
1838.5,-1356.8, NaN
1837.1,-1355.4, NaN
1835.6,-1354.1, NaN
1834.2,-1352.7, NaN
1833.1,-1351.1, NaN
1831.8,-1349.8, NaN
1830.8,-1348.2, NaN
1829.9,-1346.6, NaN
1828.9,-1345.1, NaN
1828.1,-1343.6, NaN
1827.3,-1342, NaN
1826.7,-1340.4, NaN
1826.2,-1338.8, NaN
1825.4,-1337.3, NaN
1824.8,-1335.8, NaN
1824.4,-1334.3, NaN
1823.7,-1332.9, NaN
1823.3,-1331.4, NaN
1823.1,-1329.9, NaN
1822.8,-1328.5, NaN
1822.3,-1327.1, NaN
1821.9,-1325.8, NaN
1821.6,-1324.4, NaN
1821.4,-1323.1, NaN
1821,-1321.8, NaN
1820.8,-1320.6, NaN
1820.6,-1319.3, NaN
1820.6,-1318.1, NaN
1820.4,-1316.9, NaN
1820.2,-1315.7, NaN
1820.2,-1314.6, NaN
1820.4,-1313.5, NaN
1820.4,-1312.4, NaN
1820.5,-1311.4, NaN
1820.6,-1310.4, NaN
1819.6,-1310.2, NaN
1818.6,-1310.2, NaN
1817.7,-1310.1, NaN
1816.8,-1310.2, NaN
1815.9,-1310.3, NaN
1815.1,-1310.3, NaN
1814.3,-1310.2, NaN
1813.5,-1310.1, NaN
1812.8,-1310.1, NaN
1812.1,-1310.1, NaN
1811.4,-1310.2, NaN
1810.7,-1310.3, NaN
1810.1,-1310.3, NaN
1809.5,-1310.2, NaN
1808.9,-1310.3, NaN
1808.4,-1310.4, NaN
1807.9,-1310.4, NaN
1807.4,-1310.5, NaN
1807,-1310.5, NaN
1806.6,-1310.6, NaN
1806.2,-1310.7, NaN
1805.8,-1310.8, NaN
1805.8,-1310.8, NaN
1805.8,-1310.8, NaN
1805.8,-1310.8, NaN
1805.8,-1310.8, NaN
1805.8,-1310.8, NaN
1805.8,-1310.8, NaN
1805.8,-1310.8, NaN
1805.8,-1310.8, NaN
1805.9,-1310.8, NaN
1805.9,-1310.8, NaN
1806,-1310.8, NaN
1806.1,-1310.8, NaN
1806.3,-1310.8, NaN
1806.5,-1310.8, NaN
1806.7,-1310.8, NaN
1806.9,-1310.8, NaN
1807.2,-1310.8, NaN
1807.5,-1310.8, NaN
1807.8,-1310.8, NaN
1808.2,-1310.8, NaN
1808.6,-1310.8, NaN
1809,-1310.8, NaN
1809.4,-1310.8, NaN
1809.9,-1310.8, NaN
1810.4,-1310.8, NaN
1811,-1310.8, NaN
1811.5,-1310.8, NaN
1812.1,-1310.8, NaN
1812.8,-1310.8, NaN
1813.4,-1310.8, NaN
1814.1,-1310.8, NaN
1814.8,-1310.8, NaN
1815.6,-1310.8, NaN
1816.4,-1310.8, NaN
1817.2,-1310.8, NaN
1818,-1310.8, NaN
1818.9,-1310.8, NaN
1819.8,-1310.8, NaN
1820.7,-1310.8, NaN
1821.7,-1310.8, NaN
1822.7,-1310.8, NaN
1823.7,-1310.8, NaN
1824.7,-1310.8, NaN
1825.8,-1310.8, NaN
1826.9,-1310.8, NaN
1828.1,-1310.8, NaN
1829.2,-1310.8, NaN
1830.4,-1310.8, NaN
1831.7,-1310.8, NaN
1832.9,-1310.8, NaN
1834.2,-1310.8, NaN
1835.5,-1310.8, NaN
1836.9,-1310.8, NaN
1838.3,-1310.8, NaN
1839.7,-1310.8, NaN
1841.1,-1310.8, NaN
1842.6,-1310.8, NaN
1844.1,-1310.8, NaN
1845.6,-1310.8, NaN
1847.2,-1310.8, NaN
1848.8,-1310.8, NaN
1850.4,-1310.8, NaN
1852,-1310.8, NaN
1853.7,-1310.8, NaN
1855.4,-1310.8, NaN
1857.2,-1310.8, NaN
1858.9,-1310.8, NaN
1860.7,-1310.8, NaN
1862.6,-1310.8, NaN
1864.4,-1310.8, NaN
1866.3,-1310.8, NaN
1868.2,-1310.8, NaN
1870.2,-1310.8, NaN
1871.9,-1309.8, NaN
1873.9,-1309.8, NaN
1875.7,-1308.8, NaN
1877.7,-1308.8, NaN
1879.6,-1307.7, NaN
1881.7,-1307.7, NaN
1883.6,-1306.7, NaN
1885.8,-1306.7, NaN
1887.7,-1305.5, NaN
1889.9,-1305.5, NaN
1891.9,-1304.4, NaN
1894.2,-1304.4, NaN
1896.2,-1303.2, NaN
1898.6,-1303.2, NaN
1900.7,-1302, NaN
1903.1,-1302, NaN
1905.2,-1300.8, NaN
1907.7,-1300.8, NaN
1909.9,-1299.5, NaN
1912.5,-1299.5, NaN
1914.7,-1298.3, NaN
1917.3,-1298.3, NaN
1919.6,-1296.9, NaN
1922.3,-1296.9, NaN
1924.6,-1295.6, NaN
1927.3,-1295.6, NaN
1930.1,-1295.6, NaN
1932.5,-1294.2, NaN
1935.3,-1294.2, NaN
1937.8,-1292.8, NaN
1940.7,-1292.8, NaN
1943.6,-1292.8, NaN
1946.5,-1292.8, NaN
1949.5,-1292.8, NaN
1952.5,-1292.8, NaN
1955.5,-1292.8, NaN
1958.6,-1292.8, NaN
1960.8,-1290.6, NaN
1963,-1288.4, NaN
1965.2,-1286.1, NaN
1967.4,-1283.9, NaN
1969.7,-1281.7, NaN
1971.9,-1279.4, NaN
1975,-1280.3, NaN
1977.3,-1278, NaN
1980.5,-1278.8, NaN
1982.8,-1276.5, NaN
1986,-1277.4, NaN
1988.4,-1275, NaN
1991.7,-1275.9, NaN
1995,-1276.7, NaN
1997.4,-1274.3, NaN
2000.8,-1275.2, NaN
2003.3,-1272.7, NaN
2006.7,-1273.6, NaN
2009.2,-1271.1, NaN
2012.7,-1272, NaN
2015.2,-1269.5, NaN
2018.8,-1270.4, NaN
2022.3,-1271.4, NaN
2025.9,-1272.3, NaN
2029.6,-1273.3, NaN
2033.2,-1272.5, NaN
2037,-1271.7, NaN
2040.7,-1270.8, NaN
2044.5,-1270, NaN
2048.3,-1269.7, NaN
2052,-1268.9, NaN
2055.8,-1268.5, NaN
2059.4,-1267.6, NaN
2063.1,-1267, NaN
2066.5,-1265.7, NaN
2069.9,-1264.3, NaN
2073.2,-1262.6, NaN
2076.4,-1261.2, NaN
2079.9,-1260.2, NaN
2082.8,-1258.2, NaN
2085.9,-1256.5, NaN
2088.7,-1254.4, NaN
2091.4,-1252.3, NaN
2094.3,-1250.5, NaN
2097,-1248.5, NaN
2099.6,-1246.4, NaN
2102,-1244, NaN
2104.1,-1241.5, NaN
2106.5,-1239.3, NaN
2109.1,-1237.4, NaN
2111.3,-1235, NaN
2113.2,-1232.4, NaN
2115.5,-1230.3, NaN
2117.4,-1227.8, NaN
2119.3,-1225.3, NaN
2121.1,-1222.9, NaN
2122.6,-1220.3, NaN
2124.5,-1217.9, NaN
2126.1,-1215.5, NaN
2127.9,-1213.1, NaN
2129.2,-1210.5, NaN
2130.3,-1207.9, NaN
2132,-1205.5, NaN
2133.1,-1202.9, NaN
2134.1,-1200.3, NaN
2135.2,-1197.8, NaN
2136.7,-1195.5, NaN
2138.3,-1193.3, NaN
2139.4,-1190.9, NaN
2140.7,-1188.6, NaN
2142.1,-1186.4, NaN
2143,-1184, NaN
2144.5,-1181.9, NaN
2145.9,-1179.9, NaN
2147,-1177.6, NaN
2148.4,-1175.6, NaN
2149.7,-1173.5, NaN
2150.9,-1171.5, NaN
2152,-1169.3, NaN
2151.3,-1171.6, NaN
2152.2,-1173.7, NaN
2153,-1175.8, NaN
2154.1,-1177.8, NaN
2154.9,-1179.9, NaN
2155.7,-1181.9, NaN
2156.1,-1184.1, NaN
2156.3,-1186.2, NaN
2156.6,-1188.3, NaN
2157.1,-1190.3, NaN
2157.5,-1192.3, NaN
2157.4,-1194.3, NaN
2157.5,-1196.2, NaN
2157.4,-1198.2, NaN
2157,-1200.1, NaN
2157,-1202, NaN
2157,-1203.8, NaN
2156.5,-1205.6, NaN
2156,-1207.3, NaN
2155.4,-1209, NaN
2154.9,-1210.6, NaN
2154.4,-1212.3, NaN
2153.5,-1213.7, NaN
2152.6,-1215.1, NaN
2151.9,-1216.6, NaN
2150.9,-1217.8, NaN
2150,-1219.1, NaN
2149.2,-1220.4, NaN
2148.3,-1221.6, NaN
2147.3,-1222.6, NaN
2146.4,-1223.7, NaN
2145.4,-1224.7, NaN
2144.4,-1225.7, NaN
2143.4,-1226.6, NaN
2142.4,-1227.5, NaN
2141.3,-1228.1, NaN
2140.1,-1228.6, NaN
2139.1,-1229.3, NaN
2138,-1229.7, NaN
2136.9,-1230.3, NaN
2135.9,-1230.7, NaN
2134.8,-1231.1, NaN
2133.8,-1231.4, NaN
2132.8,-1231.6, NaN
2131.8,-1231.9, NaN
2130.8,-1232.1, NaN
2129.9,-1232.3, NaN
2129,-1232.5, NaN
2128.1,-1232.7, NaN
2127.3,-1232.8, NaN
2126.4,-1232.7, NaN
2125.6,-1232.8, NaN
2125.6,-1232.8, NaN
2125.6,-1232.8, NaN
2125.6,-1232.8, NaN
2125.6,-1232.8, NaN
2125.6,-1232.8, NaN
2125.6,-1232.8, NaN
2125.6,-1232.8, NaN
2125.6,-1232.8, NaN
2125.6,-1232.8, NaN
2125.7,-1232.8, NaN
2125.8,-1232.7, NaN
2125.9,-1232.6, NaN
2126,-1232.6, NaN
2126.2,-1232.5, NaN
2126.3,-1232.4, NaN
2126.6,-1232.3, NaN
2126.8,-1232.1, NaN
2127,-1232, NaN
2127.3,-1231.8, NaN
2127.6,-1231.6, NaN
2128,-1231.4, NaN
2128.3,-1231.2, NaN
2128.7,-1231, NaN
2129.2,-1230.8, NaN
2129.6,-1230.5, NaN
2130.1,-1230.2, NaN
2130.6,-1229.9, NaN
2131.1,-1229.6, NaN
2131.6,-1229.3, NaN
2132.2,-1229, NaN
2132.8,-1228.7, NaN
2133.4,-1228.3, NaN
2134.1,-1227.9, NaN
2134.7,-1227.5, NaN
2135.4,-1227.1, NaN
2136.2,-1226.7, NaN
2136.9,-1226.3, NaN
2137.7,-1225.8, NaN
2138.5,-1225.4, NaN
2139.3,-1224.9, NaN
2140.2,-1224.4, NaN
2141.1,-1223.9, NaN
2142,-1223.3, NaN
2142.9,-1222.8, NaN
2143.9,-1222.3, NaN
2144.9,-1221.7, NaN
2145.9,-1221.1, NaN
2146.9,-1220.5, NaN
2148,-1219.9, NaN
2149.1,-1219.3, NaN
2150.2,-1218.6, NaN
2151.3,-1217.9, NaN
2152.5,-1217.3, NaN
2153.7,-1216.6, NaN
2154.9,-1215.9, NaN
2156.2,-1215.2, NaN
2157.4,-1214.4, NaN
2158.7,-1213.7, NaN
2160.1,-1212.9, NaN
2161.4,-1212.1, NaN
2162.8,-1211.3, NaN
2164.2,-1210.5, NaN
2165.6,-1209.7, NaN
2167.1,-1208.9, NaN
2168.6,-1208, NaN
2170.1,-1207.1, NaN
2171.6,-1206.2, NaN
2173.2,-1205.3, NaN
2174.7,-1204.4, NaN
2176.4,-1203.5, NaN
2178,-1202.6, NaN
2179.7,-1201.6, NaN
2181.3,-1200.6, NaN
2183.1,-1199.6, NaN
2185,-1200.2, NaN
2186.8,-1199.1, NaN
2188.6,-1198.1, NaN
2190.6,-1198.6, NaN
2192.4,-1197.6, NaN
2194.3,-1196.5, NaN
2196.4,-1197.1, NaN
2198.3,-1196, NaN
2200.5,-1196.5, NaN
2202.5,-1195.4, NaN
2204.5,-1194.2, NaN
2206.8,-1194.8, NaN
2208.8,-1193.7, NaN
2210.9,-1192.5, NaN
2213.2,-1193.1, NaN
2215.4,-1191.9, NaN
2217.5,-1190.6, NaN
2220,-1191.3, NaN
2222.2,-1190, NaN
2224.4,-1188.7, NaN
2226.9,-1189.4, NaN
2229.2,-1188.1, NaN
2231.5,-1186.7, NaN
2234.1,-1187.4, NaN
2236.5,-1186.1, NaN
2238.9,-1184.7, NaN
2241.6,-1185.4, NaN
2244,-1184, NaN
2246.8,-1184.7, NaN
2249.5,-1185.5, NaN
2252.4,-1186.2, NaN
2255.2,-1187, NaN
2258.1,-1187.8, NaN
2261,-1188.5, NaN
2263.9,-1189.3, NaN
2266.8,-1190.1, NaN
2269.7,-1190.9, NaN
2272.7,-1191.7, NaN
2275.7,-1192.5, NaN
2278.7,-1193.3, NaN
2281.7,-1194.1, NaN
2284.8,-1194.9, NaN
2287.9,-1195.8, NaN
2291,-1196.6, NaN
2294.2,-1197.4, NaN
2297.4,-1198.3, NaN
2300.6,-1199.2, NaN
2303.9,-1200, NaN
2307.1,-1200.9, NaN
2310.5,-1201.1, NaN
2314,-1201.3, NaN
2317.5,-1201.4, NaN
2321,-1201.6, NaN
2324.5,-1202.2, NaN
2327.8,-1203.1, NaN
2331.2,-1203.9, NaN
2334.6,-1204.5, NaN
2338.1,-1204.3, NaN
2341.4,-1204.1, NaN
2344.8,-1204.1, NaN
2348.1,-1204, NaN
2351.4,-1203.6, NaN
2354.5,-1202.7, NaN
2357.8,-1202.3, NaN
2360.9,-1202, NaN
2364.1,-1201.5, NaN
2367.2,-1201, NaN
2370.2,-1200.1, NaN
2373.2,-1199.5, NaN
2375.9,-1198, NaN
2378.7,-1196.9, NaN
2381.2,-1195.3, NaN
2383.8,-1193.8, NaN
2386.2,-1192.1, NaN
2388.9,-1191, NaN
2391.5,-1189.7, NaN
2393.8,-1188, NaN
2396.1,-1186.4, NaN
2398.2,-1184.5, NaN
2400.6,-1183.2, NaN
2402.5,-1181.3, NaN
2404.3,-1179.3, NaN
2406.4,-1177.6, NaN
2408.4,-1175.8, NaN
2410.4,-1174.2, NaN
2412.2,-1172.3, NaN
2413.8,-1170.3, NaN
2415.4,-1168.3, NaN
2417.1,-1166.5, NaN
2418.9,-1164.9, NaN
2420.4,-1163, NaN
2421.8,-1161, NaN
2423.6,-1159.5, NaN
2425.1,-1157.7, NaN
2426.6,-1155.9, NaN
2428.1,-1154.2, NaN
2429.9,-1152.8, NaN
2430.8,-1154.8, NaN
2431.4,-1156.9, NaN
2432.2,-1158.9, NaN
2432.9,-1160.9, NaN
2433.3,-1163, NaN
2433.5,-1165.1, NaN
2433.6,-1167.1, NaN
2433.7,-1169.1, NaN
2433.8,-1171.1, NaN
2434.1,-1173, NaN
2434.2,-1174.9, NaN
2434.3,-1176.8, NaN
2433.9,-1178.7, NaN
2433.4,-1180.4, NaN
2433,-1182.2, NaN
2432.7,-1183.9, NaN
2432.3,-1185.6, NaN
2431.8,-1187.2, NaN
2431.2,-1188.8, NaN
2430.4,-1190.3, NaN
2429.5,-1191.6, NaN
2428.7,-1193, NaN
2427.9,-1194.3, NaN
2427.2,-1195.6, NaN
2426.3,-1196.9, NaN
2425.4,-1198.1, NaN
2424.6,-1199.2, NaN
2423.8,-1200.4, NaN
2422.7,-1201.3, NaN
2421.7,-1202.1, NaN
2420.7,-1203, NaN
2419.6,-1203.6, NaN
2418.5,-1204.2, NaN
2417.4,-1204.8, NaN
2416.4,-1205.5, NaN
2415.4,-1206.1, NaN
2414.4,-1206.7, NaN
2413.4,-1207.1, NaN
2412.4,-1207.5, NaN
2411.5,-1208, NaN
2410.4,-1208.1, NaN
2409.5,-1208.4, NaN
2408.5,-1208.5, NaN
2407.7,-1208.8, NaN
2406.8,-1209, NaN
2405.9,-1209, NaN
2405.1,-1209.1, NaN
2404.3,-1209.2, NaN
2403.5,-1209.2, NaN
2402.7,-1209.2, NaN
2402,-1209.2, NaN
2401.3,-1209.2, NaN
2400.7,-1209.1, NaN
2400.1,-1209, NaN
2399.5,-1208.9, NaN
2398.9,-1208.7, NaN
2398.4,-1208.6, NaN
2397.9,-1208.4, NaN
2397.4,-1208.3, NaN
2397,-1208.1, NaN
2396.7,-1208, NaN
2396.3,-1207.9, NaN
2396.3,-1207.9, NaN
2396.3,-1207.9, NaN
2396.3,-1207.9, NaN
2396.3,-1207.9, NaN
2396.3,-1207.9, NaN
2396.3,-1207.9, NaN
2396.3,-1207.9, NaN
2396.3,-1207.9, NaN
2396.3,-1207.9, NaN
2396.3,-1207.9, NaN
2396.3,-1207.9, NaN
2396.3,-1207.9, NaN
2396.3,-1207.9, 0
2396.3,-1207.9, NaN
2396.4,-1207.9, NaN
2396.5,-1207.9, NaN
2396.6,-1207.9, NaN
2396.7,-1207.9, NaN
2396.9,-1207.9, NaN
2397.1,-1207.9, NaN
2397.4,-1207.9, NaN
2397.6,-1207.9, NaN
2397.9,-1207.9, NaN
2398.3,-1207.9, NaN
2398.6,-1207.9, NaN
2399,-1207.9, NaN
2399.4,-1207.9, NaN
2399.9,-1207.9, NaN
2400.4,-1207.9, NaN
2400.9,-1207.9, NaN
2401.4,-1207.9, NaN
2402,-1207.9, NaN
2402.6,-1207.9, NaN
2403.2,-1207.9, NaN
2403.9,-1207.9, NaN
2404.6,-1207.9, NaN
2405.3,-1207.9, NaN
2406,-1207.9, NaN
2406.8,-1207.9, NaN
2407.6,-1207.9, NaN
2408.4,-1207.7, NaN
2409.3,-1207.7, NaN
2410.2,-1207.7, NaN
2411.1,-1207.7, NaN
2412.1,-1207.7, NaN
2413,-1207.4, NaN
2414,-1207.2, NaN
2415,-1206.9, NaN
2416.1,-1206.6, NaN
2417.2,-1206.3, NaN
2418.3,-1206, NaN
2419.4,-1205.7, NaN
2420.5,-1205.4, NaN
2421.7,-1205.1, NaN
2422.9,-1204.8, NaN
2424.2,-1204.4, NaN
2425.5,-1204.1, NaN
2426.8,-1203.7, NaN
2428.1,-1203.4, NaN
2429.5,-1203, NaN
2430.9,-1202.6, NaN
2432.3,-1202.3, NaN
2433.7,-1201.9, NaN
2435.2,-1201.5, NaN
2436.7,-1201.1, NaN
2438.2,-1200.7, NaN
2439.8,-1200.2, NaN
2441.4,-1199.8, NaN
2443,-1199.4, NaN
2444.7,-1198.9, NaN
2446.4,-1198.5, NaN
2448.1,-1198, NaN
2449.8,-1197.6, NaN
2451.6,-1197.1, NaN
2453.4,-1196.6, NaN
2455.2,-1196.1, NaN
2457.1,-1195.6, NaN
2458.9,-1195.1, NaN
2460.9,-1194.6, NaN
2462.8,-1194.1, NaN
2464.8,-1193.6, NaN
2466.8,-1193, NaN
2468.8,-1192.5, NaN
2470.8,-1191.9, NaN
2472.9,-1191.4, NaN
2475.1,-1190.8, NaN
2477.2,-1190.2, NaN
2479.4,-1189.6, NaN
2481.6,-1189.1, NaN
2483.8,-1188.5, NaN
2486.1,-1187.9, NaN
2488.4,-1187.2, NaN
2490.7,-1186.6, NaN
2493,-1186, NaN
2495.1,-1184.8, NaN
2497.6,-1184.1, NaN
2499.7,-1182.9, NaN
2501.9,-1181.6, NaN
2504.2,-1180.3, NaN
2506.4,-1179, NaN
2508.7,-1177.7, NaN
2511,-1176.3, NaN
2513.3,-1175, NaN
2515.7,-1173.7, NaN
2518,-1172.3, NaN
2520.4,-1170.9, NaN
2522.1,-1168.8, NaN
2523.8,-1166.6, NaN
2525.6,-1164.4, NaN
2527.4,-1162.2, NaN
2529.2,-1159.9, NaN
2531.1,-1157.7, NaN
2533.3,-1155.9, NaN
2535.4,-1154, NaN
2537.4,-1152, NaN
2539.3,-1149.9, NaN
2541.1,-1147.9, NaN
2542.5,-1145.5, NaN
2544.1,-1143.4, NaN
2545.3,-1141, NaN
2546.8,-1138.8, NaN
2548.2,-1136.6, NaN
2549.1,-1134.2, NaN
2550.2,-1131.9, NaN
2550.7,-1129.4, NaN
2551.4,-1127, NaN
2552.3,-1124.7, NaN
2552.6,-1122.3, NaN
2552.7,-1119.9, NaN
2553,-1117.6, NaN
2553.1,-1115.2, NaN